Parsimony scores for each tree (corresponds with image file numbered values):


ans =

     -104667


ans =

     -104672


ans =

     -104535


ans =

     -104542


ans =

     -104528


ans =

     -104528


ans =

     -104528


minp =

     -104672


parsimony =

     -104672


ans =

     -104667


ans =

     -104537


ans =

     -104718


ans =

     -104672


ans =

     -104672


ans =

     -104672


ans =

     -104672


minp =

     -104718


parsimony =

     -104718


ans =

     -104667


ans =

     -104478


ans =

     -104718


ans =

     -104718


ans =

     -104718


ans =

     -104718


ans =

     -104718



minp =

     -104718


parsimony =

     -104718

    Phylogenetic tree object with 18 leaves (17 branches)
